-121.6652203,38.16928536
-121.7823623,38.06677536
-121.9027663,38.07290936
-121.9845493,38.13950036
-122.2322433,38.07107936
-122.2730013,38.15941836
-122.3157593,38.20593336
-122.3389073,38.19358236
-122.2853543,38.15931136
-122.2727723,38.09748436
-122.3984643,38.16133736
-122.4292023,38.11380736
-122.4889353,38.11341436
-122.5286483,38.15067136
-122.4745453,38.08545736
-122.5064503,38.01865236
-122.4417813,37.98295536
-122.4900223,37.93176736
-122.4582593,37.83422136
-122.5157253,37.82210636
-122.6663923,37.90691936
-122.6917233,37.89439236
-122.8221933,38.00767236
-122.9211813,38.03062336
-122.9565973,37.99075736
-123.0107303,37.99446636
-122.9392723,38.15326536
-122.9946493,38.29722736
-123.0487963,38.29414136
-123.1215443,38.43360036
-123.2979413,38.54733336
-123.5238863,38.75765936
-123.7219013,38.92477136
-123.6834473,39.04180636
-123.8137183,39.34780636
-123.7546513,39.55187936
-123.7835323,39.68710836
-123.8381083,39.82639736
-124.0076383,39.99858036
-124.0945603,40.10037736
-124.3453063,40.25243036
-124.3361073,40.32755537
-124.3926383,40.43523737
-124.1094463,40.97821137
-124.1497033,41.12883237
-124.0716023,41.31383237
-124.0579543,41.45816437
-124.1442103,41.72719337
-124.2430993,41.77675737
-124.2075013,41.84832737
-124.2064443,41.99764837
-123.8191463,41.99294837
-123.5132043,41.99783337
-123.2221023,42.00219137
-122.2847053,42.00076437
-121.4415093,41.99433437
-120.8719083,41.98767237
-119.9934593,41.98920537
-119.9963243,41.17756637
-119.9961653,39.72061036
-119.9960113,39.44350136
-119.9953043,39.31154536
-119.9955273,39.15871336
-119.9945413,39.10613136
-119.9951503,39.06349136
-119.9952543,38.99410636
-119.8893413,38.92225136
-119.5756873,38.70291036
-119.3188253,38.52710836
-119.1524503,38.41180136
-118.4174193,37.88667636
-117.8386863,37.45729836
-117.1604233,36.95959436
-115.8857693,36.00122636
-115.6261973,35.79569836
-114.6210683,34.99891436
-114.6322763,34.99765136
-114.6210073,34.94360936
-114.6304753,34.91950136
-114.6272633,34.87553336
-114.5702173,34.83186036
-114.5420403,34.75995836
-114.5255533,34.74891136
-114.4978043,34.74475736
-114.4656373,34.70987336
-114.4222703,34.61089536
-114.4343023,34.59896336
-114.4097423,34.58372336
-114.3768283,34.53656336
-114.3838623,34.47708536
-114.3765073,34.45967936
-114.3326363,34.45487336
-114.3028653,34.43575436
-114.2833943,34.41206936
-114.2578423,34.40548836
-114.1820803,34.36520636
-114.1534153,34.33644736
-114.1341273,34.31454836
-114.1252303,34.27262136
-114.1499123,34.26697936
-114.2357763,34.18622236
-114.2853683,34.17123136
-114.3227993,34.14129736
-114.4101663,34.10265436
-114.4240293,34.07833236
-114.4289803,34.02984436
-114.5182083,33.96506336
-114.5256323,33.95241336
-114.4981883,33.92503636
-114.5209623,33.86292636
-114.5117223,33.84196536
-114.5211223,33.82603136
-114.5045583,33.77171436
-114.5102873,33.74320036
-114.4956763,33.70836936
-114.5364333,33.68273536
-114.5252633,33.66550436
-114.5271703,33.62213636
-114.5402473,33.58050736
-114.5294203,33.56007336
-114.5870613,33.50944536
-114.5980863,33.48612736
-114.6210893,33.46859936
-114.6305733,33.43942536
-114.6450923,33.41911636
-114.7249363,33.41105936
-114.7036033,33.35241836
-114.7354273,33.30570836
-114.6776933,33.26801636
-114.6877113,33.23925836
-114.6800513,33.22459536
-114.6781203,33.16725036
-114.7094633,33.12237536
-114.7113553,33.09538236
-114.6639513,33.03892236
-114.6451593,33.04441236
-114.6339673,33.03356736
-114.6099253,33.02700236
-114.5590893,33.03678236
-114.5206273,33.02770736
-114.4683873,32.97778936
-114.4764443,32.93590836
-114.4614363,32.84542236
-114.5262193,32.80991236
-114.5350773,32.78804736
-114.5300953,32.77141136
-114.5431873,32.77123236
-114.5430043,32.76074936
-114.5615823,32.76075336
-114.5607513,32.74893636
-114.5722103,32.74882936
-114.5719593,32.73743936
-114.6035223,32.73588636
-114.6039423,32.72628536
-114.6940403,32.74142536
-114.7126953,32.73501336
-114.7220493,32.72085736
-116.1069733,32.61947036
-117.1280983,32.53578136
-117.1998123,32.71844236
-117.1206063,32.60287236
-117.1245293,32.67893136
-117.1987743,32.73893436
-117.2482073,32.68009436
-117.2853253,32.85122036
-117.2548683,32.88817236
-117.3284393,33.11148236
-117.4101443,33.23408936
-117.5973313,33.39453436
-118.1067173,33.74756436
-118.2466163,33.77392536
-118.2868923,33.70390736
-118.4050893,33.73845036
-118.4289543,33.77544836
-118.3881753,33.81232436
-118.4121103,33.88296736
-118.5418543,34.03725136
-118.7881153,34.01825736
-118.9393603,34.04008136
-119.2163343,34.14634036
-119.2667673,34.23809836
-119.4830103,34.37486236
-119.6062933,34.41643536
-119.8694333,34.40479636
-120.0114953,34.46166136
-120.1401633,34.47190236
-120.4562023,34.44249936
-120.5094063,34.52137436
-120.6412933,34.57233736
-120.6016273,34.70402236
-120.6316733,34.75990636
-120.6081593,34.85561536
-120.6659463,34.90380936
-120.6443393,34.97263736
-120.6167653,35.07481636
-120.6384103,35.14002836
-120.8613423,35.20925336
-120.8835973,35.25940536
-120.8499963,35.36453736
-120.8752123,35.42776536
-120.9919483,35.45658136
-121.1465593,35.62932236
-121.2702613,35.66353536
-121.3290803,35.80103436
-121.4455413,35.87985036
-121.6898113,36.18113436
-121.8822773,36.30694336
-121.9552833,36.58277336
-121.9114203,36.64042736
-121.8673813,36.60771336
-121.8085643,36.64822136
-121.7613913,36.81899036
-121.7917123,36.85032736
-121.8835363,36.96209836
-122.0613323,36.94750636
-122.1734423,37.00086936
-122.2746333,37.10678236
-122.4146383,37.23912636
-122.3892533,37.35241236
-122.4414633,37.47948236
-122.5056823,37.52290436
-122.4982083,37.70025436
-122.4982143,37.78294236
-122.4009313,37.80862536
-122.3464713,37.72522336
-122.3663313,37.70245036
-122.3596713,37.60978636
-122.0893083,37.45254136
-121.9753373,37.46072036
-122.0930233,37.49731336
-122.1997323,37.73520136
-122.3124133,37.77846236
-122.3075533,37.89176336
-122.3714973,37.90934536
-122.3796843,37.97344536
-122.2955223,38.01479536
-122.0006233,38.05715136
-121.6989563,38.02349636
-121.6577503,38.08610136
-121.5768853,38.09413836
-121.5695453,38.06366736
-121.5474733,38.06347336
-121.5728343,38.11379836
-121.5541493,38.13736136
-121.6595813,38.09646536
-121.6652203,38.16928536
-119.8678233,34.07522836
-119.6679223,34.02134336
-119.5725893,34.05578136
-119.5230953,34.03459036
-119.5393773,34.00649636
-119.7125393,33.96528436
-119.8472753,33.96841636
-119.8890613,34.00466936
-119.8739873,34.03187536
-119.9276903,34.05918036