-80.78566227,28.78519435
-80.76241527,28.73633435
-80.83210427,28.78618635
-80.85070527,28.78570035
-80.74719027,28.39899235
-80.49224427,27.87017835
-80.50935827,27.82570835
-80.48185327,27.84572135
-80.40137727,27.70358535
-80.35737827,27.55566235
-80.23963827,27.26464735
-80.19009127,27.18568435
-80.22398927,27.21506635
-80.28963527,27.24133835
-80.32679127,27.24826235
-80.29042027,27.21285335
-80.22127327,27.20284235
-80.14796727,27.10906935
-80.09036327,26.97404335
-80.11461027,26.97383735
-80.05091127,26.79719735
-80.08469527,26.32637735
-80.12778127,25.97753635
-80.19309927,25.76003235
-80.30145627,25.61375135
-80.32999127,25.49001535
-80.30197527,25.40120035
-80.41681627,25.24990235
-80.42080727,25.19221935
-80.55187627,25.21231835
-80.69382527,25.15229935
-80.85680127,25.18563135
-80.97587727,25.13050135
-81.11901627,25.13418835
-81.14823027,25.16469035
-81.18378427,25.26887935
-81.14056927,25.32076535
-81.01156027,25.21442935
-80.95102727,25.20253735
-80.91527427,25.24672535
-80.97428127,25.32246035
-81.14332327,25.39682735
-81.25837527,25.68110035
-81.19994727,25.71042235
-81.25620727,25.80310235
-81.53074227,25.91465835
-81.71829327,25.92358135
-81.70569527,26.00017235
-81.79471727,26.11116235
-81.81385827,26.28446735
-81.84935127,26.33219735
-81.86421227,26.43955435
-81.94201827,26.46756235
-81.96811927,26.51738235
-81.92877327,26.53498035
-81.88427627,26.64298735
-81.77391427,26.71026535
-81.89710227,26.66376735
-81.94445227,26.55071935
-82.02147327,26.52468035
-82.08366027,26.71579035
-82.06827127,26.76697035
-82.05176727,26.86670935
-82.09787227,26.92178535
-81.99144027,26.96305635
-81.97919427,27.03168035
-81.99285127,27.03167635
-82.01268827,26.97655035
-82.15321027,26.93706535
-82.25745927,27.00440935
-82.28217927,27.02455735
-82.25758227,26.99790735
-82.17649527,26.91369335
-82.15382827,26.79012835
-82.28984027,26.84988635
-82.35543127,26.94889635
-82.39817127,26.99851535
-82.36866827,26.94793835
-82.34362827,26.90363235
-82.38003627,26.94729635
-82.50693027,27.23699135
-82.53113127,27.26027735
-82.51448327,27.21045335
-82.56995727,27.27428035
-82.53274027,27.33180235
-82.56556227,27.38668135
-82.68592527,27.47384435
-82.63888927,27.50345935
-82.66582927,27.49358735
-82.68170627,27.52442935
-82.48826727,27.47806735
-82.51419927,27.51198935
-82.42717727,27.52285935
-82.57557127,27.51232435
-82.63876727,27.53663835
-82.56960527,27.55271335
-82.55426227,27.58223935
-82.62637627,27.55519435
-82.54004127,27.60810635
-82.55250027,27.64401435
-82.40437927,27.79162835
-82.39881727,27.90621935
-82.46099827,27.94015535
-82.48313127,27.82194735
-82.51059827,27.83123235
-82.53899527,27.93572835
-82.64556527,28.02884735
-82.65068427,28.00716335
-82.69833927,28.04616935
-82.67271927,28.01051435
-82.70066627,27.97535335
-82.64474127,27.96658435
-82.72548527,27.94056235
-82.56426427,27.87846235
-82.62365327,27.84852735
-82.64461927,27.71572535
-82.67832627,27.70558735
-82.79383827,27.82965435
-82.72816327,27.71777335
-82.74100327,27.68586835
-82.84428527,27.85064135
-82.77914427,28.17302735
-82.67347627,28.42851035
-82.63607527,28.69274935
-82.68138027,28.80838235
-82.63651927,28.81427835
-82.63661927,28.88470835
-82.75532227,29.00866035
-82.80215727,29.15513235
-83.03674727,29.17938735
-83.07392827,29.26565235
-83.14220627,29.29965135
-83.10899527,29.32818235
-83.17463327,29.34367935
-83.23432827,29.43393735
-83.38003127,29.51987435
-83.40497427,29.66960236
-83.55044827,29.73732336
-83.65418227,29.91096136
-83.97173827,30.07748336
-84.07462527,30.09994836
-84.14785527,30.08172536
-84.23307127,30.10811136
-84.35392527,30.06962436
-84.36041627,29.97739036
-84.43769028,29.99179136
-84.43310428,29.95954536
-84.33893827,29.94714136
-84.34691127,29.91016836
-84.46453828,29.92962736
-84.85803028,29.74686036
-84.92851328,29.77797236
-84.98828328,29.71992136
-85.21476028,29.70155736
-85.36487928,29.68301936
-85.40960428,29.77676636
-85.41405228,29.86306736
-85.39299428,29.87541336
-85.40254628,29.79436536
-85.35804328,29.69125436
-85.30658928,29.70171036
-85.30052428,29.80979636
-85.38479228,29.92380136
-85.62849728,30.09259136
-85.56852828,30.09829336
-85.47135828,30.02186336
-85.41501328,30.03155236
-85.43238628,30.04575436
-85.38269428,30.02427036
-85.38265628,30.03628636
-85.39567228,30.05856736
-85.46431628,30.05116336
-85.52971628,30.13168636
-85.70982928,30.17877336
-85.66605828,30.25168936
-85.60017628,30.25115136
-85.56947528,30.31100436
-85.71713128,30.26506236
-85.75270828,30.29692936
-85.85042028,30.28035936
-85.82994228,30.23281436
-85.75791928,30.22894536
-85.72639328,30.12884236
-85.98701328,30.27443036
-86.38745928,30.38765936
-86.50531428,30.40997336
-86.38810828,30.40601236
-86.24003328,30.39988736
-86.24156628,30.42852736
-86.11464028,30.38580236
-86.12293428,30.42646136
-86.21960828,30.48785436
-86.38787928,30.46216736
-86.45263928,30.50123736
-86.61023628,30.42365136
-86.79034728,30.41796336
-87.19338228,30.35522136
-86.93251128,30.46356536
-87.01440028,30.51443436
-86.98619328,30.59043036
-87.01958028,30.58746636
-87.06927228,30.45056436
-87.12453328,30.56466636
-87.17155528,30.55773536
-87.16010228,30.46503336
-87.27389728,30.35738436
-87.42408028,30.32367136
-87.40925628,30.40223936
-87.34680728,30.43149836
-87.34739528,30.45716936
-87.41881628,30.48170036
-87.44535328,30.53138936
-87.42206728,30.55649336
-87.39328128,30.62009836
-87.39864528,30.66801536
-87.41889428,30.69281036
-87.46014028,30.70580236
-87.52660328,30.74849136
-87.54190028,30.78569536
-87.61591528,30.84829636
-87.62571128,30.87690236
-87.58986728,30.95436136
-87.59858028,31.00263036
-87.16311728,31.00315736
-86.77936128,30.99819136
-86.70185228,30.99809236
-86.38391928,30.99153836
-86.18147628,30.99522536
-86.03182228,30.99332736
-85.48659728,31.00099836
-85.48501028,31.00100136
-85.00160728,31.00125336
-85.00014228,30.97931936
-84.97356728,30.96366436
-84.96901228,30.92709336
-84.93777628,30.89495736
-84.92692628,30.84692236
-84.93256428,30.80262536
-84.92689528,30.77608836
-84.91534328,30.75408936
-84.88828928,30.74388936
-84.86458328,30.71450336
-84.86300328,30.71266436
-84.37444827,30.69409236
-84.28166327,30.69041936
-84.07556227,30.67857736
-84.00073027,30.67553736
-83.73784427,30.66049136
-83.60905627,30.65078436
-83.31060027,30.63430336
-83.30131527,30.63328536
-83.13244027,30.62134136
-82.69635627,30.59572036
-82.58295727,30.58905336
-82.46313527,30.58268936
-82.41209227,30.57730736
-82.22103927,30.56707636
-82.23839627,30.53144436
-82.21936727,30.50297036
-82.19918727,30.49001436
-82.20556527,30.42385336
-82.18023427,30.36863136
-82.16463927,30.36129136
-82.05276727,30.36379436
-82.03835427,30.37890436
-82.04609927,30.43406836
-82.03512027,30.44287836
-82.02250927,30.47771736
-82.00580127,30.57099036
-82.01365227,30.59869036
-82.04491127,30.65091036
-82.03188127,30.75753236
-82.01296727,30.76425636
-82.01553827,30.79131936
-81.98148027,30.77835136
-81.96155127,30.79600736
-81.95302927,30.82043136
-81.94380527,30.82424936
-81.90751827,30.81347536
-81.89914127,30.82830836
-81.87300227,30.79908436
-81.80319827,30.78808536
-81.77670827,30.76158436
-81.75771027,30.76963136
-81.73667527,30.76388836
-81.71676927,30.74536936
-81.64247727,30.72908136
-81.62798127,30.73177436
-81.60477127,30.71632136
-81.60117027,30.72488736
-81.53659127,30.70657736
-81.52859527,30.72145236
-81.49878427,30.59860536
-81.51811727,30.55621236
-81.45752827,30.45476436
-81.48079827,30.38054036
-81.44326027,30.35718736
-81.43276727,30.24678136
-81.30275827,29.91305236
-81.31649027,29.82924036
-81.24378427,29.73794336
-81.23376627,29.66902436
-81.10988027,29.43023935
-81.09705427,29.35179935
-80.78566227,28.78519435