-101.8581,33.8400,58
-99.7475,32.3403,63.9
-99.6822,32.4106,64.6
-101.2519,30.3519,64.7
-99.3017,32.7294,63.4
-98.0247,27.7411,72.7
-98.0678,27.7283,72.6
-103.6600,30.3764,61.6
-95.2336,29.3653,68
-97.7164,33.3867,62.2
-101.4300,35.1300,57.4
-101.0286,29.4608,70.2
-94.6342,29.7878,68.3
-102.5517,32.3483,63.9
-95.4592,29.1572,69.9
-95.4619,29.1097,69.2
-99.8528,32.7489,64.6
-96.8047,28.3081,70.2
-98.6117,33.5947,63.7
-97.0939,32.6636,66.1
-97.1278,32.7394,65.4
-97.7078,26.8339,72.5
-100.2333,33.1525,63.2
-95.8300,32.1633,64.9
-94.1661,33.1244,63.8
-97.7603,30.3208,69.4
-98.0847,30.6222,66.9
-97.6983,30.1728,67.2
-97.6800,30.1831,67.3
-97.7664,30.4144,67
-102.3045,30.8878,65.9
-99.9764,31.7414,64.9
-103.7403,30.9844,63.8
-96.6369,32.2631,65.7
-95.9750,28.9797,70.5
-95.0436,29.7917,69.3
-94.0997,30.0969,68.6
-94.2928,30.0689,68.7
-97.7061,28.4575,70.6
-97.6667,28.3667,73
-96.2167,30.0317,68
-97.4833,31.1000,66.3
-98.4161,27.5969,71.8
-97.4439,32.6475,65
-103.9583,29.4372,64
-101.4625,31.2000,63.9
-101.4536,32.2442,64.3
-97.8031,27.5842,71.8
-98.4286,30.1061,65.4
-98.7736,29.7986,65.9
-96.1678,33.6397,62.4
-97.6528,33.8472,62.5
-102.9622,29.1853,70.2
-101.3950,35.6950,59.7
-101.4542,35.6364,59.3
-97.8472,33.5511,62.2
-102.2564,35.5303,57.6
-100.4519,29.6100,68.1
-100.4144,29.3167,68.6
-99.3492,31.1444,64.5
-103.0072,35.6200,55.8
-98.9017,32.7500,64.6
-96.3972,30.1592,67.7
-97.7761,33.2064,62.8
-100.2494,32.0408,63
-102.2681,33.1908,60.8
-97.4230,25.9142,74.5
-98.9456,31.7383,64.7
-97.3442,32.5067,64.3
-98.2353,30.7406,66.6
-98.2339,30.7586,65.5
-102.0797,35.1867,55.6
-97.4072,27.6528,72.3
-98.3539,28.4658,71.4
-96.9700,30.8458,62.8
-100.0097,29.6703,65.8
-100.3883,35.9092,57.4
-104.6822,30.1383,67.8
-98.1967,29.8706,67
-101.9264,34.9806,57.4
-99.8739,28.4897,71.1
-100.6742,29.7908,66.4
-94.3397,32.1614,65.2
-103.5150,29.1344,72.1
-99.6328,28.3392,72.5
-97.4786,30.0164,67.1
-94.1642,31.8075,65.6
-95.9744,31.2581,65.5
-102.3300,35.6831,56.1
-97.4547,27.5892,72.3
-98.7494,28.9275,71.1
-97.3469,29.3103,68.7
-100.2183,34.4386,61.3
-100.2831,34.4272,62.5
-103.3003,29.2703,61.6
-98.2525,28.4675,70.5
-100.8903,34.9325,59.3
-95.0717,33.6164,62.6
-101.3619,35.1100,56.7
-97.4064,32.3139,65.1
-95.0839,30.3636,66.6
-96.3647,30.5892,69
-95.1500,30.5333,66.9
-99.4200,31.8211,65.6
-97.1742,28.7156,69.6
-100.8594,32.3978,63.1
-96.5731,29.6989,69.2
-95.4139,30.3567,67.4
-95.4831,30.3303,68.2
-101.2842,31.5333,62.2
-99.7430,34.1122,62.9
-105.4700,31.7800,60.7
-97.5122,27.7742,72.2
-97.2833,27.6833,72.7
-97.5056,27.7792,72.1
-96.3989,32.0311,66.5
-96.4867,32.1225,65.6
-99.2183,28.4567,72.1
-102.3578,31.4072,64.8
-95.4508,31.3072,66.4
-101.2450,33.6517,60
-98.5547,28.5978,70.1
-99.8311,28.6794,72.7
-97.3181,29.0925,69.7
-94.7225,32.9203,65.8
-97.0189,32.8978,66.3
-102.6133,36.0072,53.5
-102.5500,36.0167,55.1
-102.5211,36.0606,55.1
-96.8556,32.8519,67.2
-96.9667,32.7333,66.6
-96.8681,32.6808,65.9
-96.2319,29.0567,68.7
-97.5769,33.2733,62.7
-94.6175,33.4797,63.3
-100.9119,29.4217,69.7
-100.9269,29.3783,70.5
-105.2372,31.8769,61.6
-96.5667,33.8167,62.9
-97.1050,33.1989,64.8
-97.1989,33.2061,64.2
-102.8219,32.9619,60.4
-99.1833,28.6806,70.9
-102.3120,34.5858,56
-97.9822,30.2133,66.7
-101.8333,30.2000,64.4
-102.2131,30.0481,67.5
-102.1167,30.0500,66.6
-98.3047,32.0628,63.7
-101.9725,35.8731,56.2
-97.4497,32.8692,64.8
-100.4792,28.7569,71.4
-98.8175,32.3989,62.9
-99.8494,31.2208,63.6
-98.0633,26.5258,73.7
-98.1575,26.2981,74
-96.2653,29.2000,70.3
-106.3708,31.8117,64.3
-105.9608,31.8347,60.8
-106.3758,31.8111,64.6
-100.7572,30.8192,63.4
-100.5997,30.8694,63.3
-97.3683,30.3494,68.3
-95.7797,32.8711,62.8
-99.3508,28.0239,72.3
-98.9808,27.0267,73.2
-98.1619,31.4625,65
-96.2078,31.7322,65.2
-99.1372,26.5581,74.8
-98.1200,27.1394,71.8
-96.6608,32.5339,65.1
-97.0644,29.6339,68.9
-98.1597,29.1322,68.9
-101.3339,33.9850,59.2
-100.1369,36.4328,57.2
-98.8392,28.5033,70.1
-96.4889,31.0328,67.5
-98.9089,30.2392,65.1
-95.3808,28.9844,70.4
-98.6169,27.9361,71.4
-102.7231,34.6400,56.4
-103.8869,30.5994,60.3
-105.7414,31.1853,62.5
-97.7167,31.1333,67.4
-100.1103,30.8275,64.4
-102.9167,30.9119,66.7
-102.9153,30.9072,65.6
-97.3181,32.9733,65.3
-97.3614,32.8192,65.7
-97.4500,32.7667,67
-97.4761,32.8472,65.3
-97.2975,32.8339,65.8
-101.4539,32.7744,64.8
-97.0592,33.6461,63.1
-94.7717,29.3333,69.7
-94.8667,29.2667,71.3
-101.4819,31.8656,62.2
-97.7019,31.4144,64.6
-97.7172,30.6836,66.7
-95.0497,32.7464,63.4
-97.7853,32.2342,63.6
-98.5903,31.4403,64.4
-97.3850,28.6617,70.2
-97.4500,29.5339,68.5
-98.5669,33.1203,63.3
-97.8069,32.5217,64.3
-102.8222,31.3028,65.1
-97.3211,30.7189,67.2
-97.0553,32.9506,64.8
-96.0983,33.1678,65.7
-95.1461,31.1964,65.3
-101.4050,36.2631,56
-104.8000,31.8333,59.9
-100.3369,33.6267,62.2
-96.9397,29.4706,69.1
-94.5892,32.5117,64.8
-97.6542,26.2281,74.2
-97.6728,26.2028,73.9
-102.0903,34.3653,56.6
-102.3850,35.8783,54.7
-99.7456,33.1578,63.1
-98.6775,27.3194,72.4
-93.7853,31.4081,65.9
-94.7967,32.1822,64.7
-98.2003,33.8128,63.1
-102.4003,34.8172,57
-98.0311,31.9844,63.9
-97.1094,32.0161,65.9
-95.1922,32.7278,63.6
-99.1742,29.3600,68.7
-99.1386,29.3372,69.1
-99.5606,31.8456,63.2
-95.2736,29.7300,70.7
-95.3600,29.9800,69.9
-95.2417,29.5189,69.5
-95.2819,29.6381,70.3
-95.5561,30.0675,68.2
-95.0833,29.4717,68.5
-95.1500,29.9167,68.3
-95.6564,29.6222,69.1
-101.1772,30.0050,67.7
-99.5050,30.0628,63.3
-95.5861,30.7439,68.3
-95.5422,30.7064,67.5
-95.9167,32.8167,64.8
-98.1561,33.2206,63.1
-95.2736,31.9622,65.7
-100.5725,33.2544,61.8
-94.3561,32.7681,64
-96.9747,32.6406,64.4
-98.4172,30.2836,66.4
-99.8045,30.4453,64.1
-99.7667,30.5000,65.5
-102.4133,31.6728,64.4
-97.8756,28.9069,69.8
-96.2725,32.5589,64.7
-104.1108,31.0158,61.3
-103.0889,31.8408,63.8
-99.1081,30.0747,65.2
-97.7306,31.0719,66
-97.8497,27.5311,72.6
-96.8753,29.9172,68.4
-98.3992,26.2422,74.8
-106.5975,31.9800,64.6
-103.7575,29.2694,70.7
-101.0489,33.0642,62.8
-100.9167,32.3333,63.8
-95.5275,32.8242,63.8
-99.1442,33.7542,63.7
-98.3181,32.6433,64.7
-95.8864,32.8522,63.9
-101.9456,32.7228,60.5
-98.1847,31.0717,66.2
-101.5603,29.8097,69.9
-99.4983,27.5683,74.2
-96.4861,33.0353,65.4
-101.4842,32.0819,63.8
-102.3758,33.5500,59.4
-97.0136,30.4064,67.1
-94.7950,30.0592,68.4
-100.2675,36.2358,56.4
-102.3275,33.9150,59
-94.9256,30.7394,68
-98.6542,30.7425,67.1
-94.7189,32.5183,65.2
-94.6533,32.3467,65.8
-94.7117,32.3847,65.4
-94.7172,32.4725,65.3